97999 2000 1 0
97999 1993.37 7.64993 0.00540941
97998.9 1986.82 14.2692 0.019112
97998.8 1980.34 20.8581 0.0410697
97998.6 1973.92 27.4168 0.0712446
97998.4 1967.58 33.9458 0.109599
97998.1 1961.3 40.4451 0.156097
97997.8 1955.09 46.9152 0.2107
97997.4 1948.95 53.3562 0.273372
97997 1942.88 59.7684 0.344078
97996.5 1936.87 66.1521 0.422781
97996 1930.94 72.5075 0.509445
97995.5 1925.06 78.835 0.604037
97994.9 1919.26 85.1347 0.70652
97994.2 1913.52 91.4069 0.816861
97993.5 1907.84 97.6519 0.935025
97992.8 1902.23 103.87 1.06098
97992 1896.68 110.061 1.19469
97991.2 1891.2 116.226 1.33612
97990.3 1885.78 122.365 1.48524
97989.4 1880.42 128.477 1.64202
97988.4 1875.13 134.564 1.80642
97987.4 1869.9 140.625 1.97841
97986.3 1864.73 146.661 2.15797
97985.3 1859.62 152.673 2.34505
97984.1 1854.57 158.659 2.53964
97982.9 1849.58 164.62 2.74169
97981.7 1844.66 170.558 2.95117
97980.4 1839.79 176.471 3.16807
97979.1 1834.98 182.361 3.39234
97977.7 1830.23 188.226 3.62395
97976.3 1825.54 194.069 3.86289
97974.9 1820.91 199.888 4.10911
97973.4 1816.34 205.684 4.36259
97971.9 1811.82 211.458 4.6233
97970.3 1807.37 217.209 4.89122
97968.7 1802.96 222.937 5.16631
97967 1798.62 228.644 5.44854
97965.3 1794.33 234.329 5.7379
97963.6 1790.1 239.992 6.03435
97961.8 1785.92 245.634 6.33786
97960 1781.8 251.254 6.64841
97958.1 1777.73 256.854 6.96598
97956.2 1773.72 262.433 7.29053
97954.3 1769.76 267.991 7.62204
97952.3 1765.85 273.528 7.96048
97950.2 1762 279.046 8.30584
97948.2 1758.2 284.544 8.65808
97946.1 1754.46 290.021 9.01718
97943.9 1750.77 295.48 9.38311
97941.7 1747.12 300.919 9.75585
97939.5 1743.54 306.338 10.1354
97937.2 1740 311.739 10.5217
97934.9 1736.51 317.121 10.9147
97932.6 1733.08 322.485 11.3145
97930.2 1729.69 327.83 11.7209
97927.8 1726.36 333.157 12.134
97925.3 1723.07 338.465 12.5538
97922.8 1719.84 343.757 12.9801
97920.3 1716.66 349.03 13.4131
97917.7 1713.52 354.286 13.8527
97915.1 1710.43 359.525 14.2988
97912.4 1707.39 364.746 14.7515
97909.7 1704.4 369.951 15.2106
97907 1701.46 375.139 15.6763
97904.2 1698.57 380.311 16.1485
97901.4 1695.72 385.466 16.6271
97898.5 1692.92 390.605 17.1121
97895.7 1690.17 395.728 17.6035
97892.7 1687.46 400.836 18.1014
97889.8 1684.8 405.927 18.6056
97886.8 1682.19 411.003 19.1162
97883.7 1679.62 416.064 19.6331
97880.7 1677.1 421.11 20.1563
97877.6 1674.62 426.141 20.6858
97874.4 1672.19 431.157 21.2216
97871.2 1669.8 436.159 21.7636
97868 1667.45 441.146 22.3119
97864.8 1665.15 446.119 22.8665
97861.5 1662.9 451.077 23.4272
97858.1 1660.69 456.022 23.9941
97854.8 1658.52 460.953 24.5672
97851.4 1656.39 465.871 25.1465
97847.9 1654.31 470.774 25.7318
97844.5 1652.27 475.665 26.3233
97841 1650.28 480.543 26.921
97837.4 1648.32 485.407 27.5247
97833.8 1646.41 490.259 28.1344
97830.2 1644.54 495.098 28.7503
97826.6 1642.71 499.925 29.3721
97822.9 1640.92 504.739 30
97819.2 1639.17 509.541 30.6339
97815.4 1637.46 514.331 31.2738
97811.6 1635.8 519.109 31.9197
97807.8 1634.17 523.875 32.5715
97804 1632.59 528.63 33.2293
97800.1 1631.04 533.374 33.893
97796.1 1629.54 538.106 34.5627
97792.2 1628.07 542.826 35.2383
97788.2 1626.64 547.536 35.9197
97784.1 1625.25 552.235 36.607
97780.1 1623.9 556.924 37.3002
97776 1622.59 561.601 37.9993
97771.8 1621.32 566.269 38.7042
97767.7 1620.09 570.926 39.4149
97763.5 1618.89 575.573 40.1314
97759.2 1617.73 580.209 40.8537
97755 1616.61 584.836 41.5819
97750.7 1615.53 589.454 42.3158
97746.3 1614.48 594.061 43.0554
97742 1613.47 598.66 43.8008
97737.6 1612.5 603.248 44.552
97733.1 1611.56 607.828 45.3089
97728.7 1610.66 612.399 46.0715
97724.2 1609.8 616.96 46.8398
97719.6 1608.97 621.513 47.6138
97715 1608.18 626.058 48.3935
97710.4 1607.43 630.593 49.1789
97705.8 1606.71 635.121 49.9699
97701.1 1606.02 639.64 50.7666
97696.4 1605.37 644.151 51.5689
97691.7 1604.76 648.654 52.3769
97686.9 1604.18 653.149 53.1905
97682.1 1603.63 657.636 54.0097
97677.3 1603.12 662.115 54.8345
97672.4 1602.64 666.588 55.6649
97667.5 1602.2 671.052 56.5009
97662.6 1601.79 675.51 57.3424
97657.6 1601.41 679.96 58.1895
97652.7 1601.07 684.403 59.0422
97647.6 1600.76 688.84 59.9004
97642.6 1600.49 693.269 60.7642
97637.5 1600.24 697.692 61.6335
97632.3 1600.03 702.108 62.5083
97627.2 1599.86 706.518 63.3887
97622 1599.71 710.922 64.2745
97616.8 1599.6 715.319 65.1659
97611.5 1599.52 719.711 66.0627
97606.3 1599.47 724.096 66.9651
97600.9 1599.46 728.476 67.8729
97595.6 1599.47 732.849 68.7861
97590.2 1599.52 737.217 69.7049
97584.8 1599.6 741.58 70.6291
97579.4 1599.71 745.937 71.5587
97573.9 1599.85 750.289 72.4938
97568.4 1600.02 754.636 73.4343
97562.8 1600.22 758.978 74.3803
97557.3 1600.46 763.315 75.3316
97551.7 1600.72 767.646 76.2884
97546.1 1601.02 771.974 77.2506
97540.4 1601.34 776.296 78.2182
97534.7 1601.7 780.614 79.1912
97529 1602.08 784.928 80.1696
97523.2 1602.5 789.237 81.1534
97517.4 1602.94 793.542 82.1426
97511.6 1603.42 797.843 83.1371
97505.8 1603.92 802.14 84.1371
97499.9 1604.45 806.433 85.1424
97494 1605.02 810.722 86.153
97488 1605.61 815.008 87.169
97482.1 1606.23 819.289 88.1904
97476.1 1606.88 823.568 89.2171
97470 1607.55 827.843 90.2492
97464 1608.26 832.115 91.2866
97457.9 1609 836.383 92.3293
97451.7 1609.76 840.649 93.3774
97445.6 1610.55 844.911 94.4308
97439.4 1611.37 849.171 95.4895
97433.2 1612.22 853.428 96.5535
97426.9 1613.09 857.682 97.6229
97420.6 1614 861.933 98.6976
97414.3 1614.93 866.182 99.7776
97408 1615.88 870.428 100.863
97401.6 1616.87 874.673 101.953
97395.2 1617.88 878.915 103.049
97388.8 1618.92 883.154 104.151
97382.3 1619.99 887.392 105.257
97375.8 1621.08 891.628 106.369
97369.3 1622.2 895.862 107.486
97362.7 1623.35 900.094 108.608
97356.1 1624.52 904.325 109.736
97349.5 1625.72 908.553 110.869
97342.9 1626.95 912.781 112.007
97336.2 1628.2 917.007 113.151
97329.5 1629.48 921.232 114.3
97322.8 1630.79 925.455 115.454
97316 1632.12 929.677 116.613
97309.2 1633.48 933.899 117.778
97302.4 1634.86 938.119 118.948
97295.5 1636.27 942.338 120.123
97288.6 1637.7 946.557 121.303
97281.7 1639.16 950.775 122.489
97274.7 1640.65 954.992 123.68
97267.8 1642.16 959.209 124.876
97260.8 1643.69 963.425 126.078
97253.7 1645.25 967.641 127.285
97246.6 1646.84 971.857 128.497
97239.5 1648.45 976.072 129.714
97232.4 1650.08 980.288 130.937
97225.2 1651.74 984.503 132.165
97218.1 1653.43 988.718 133.398
97210.8 1655.14 992.934 134.636
97203.6 1656.87 997.15 135.88
97196.3 1658.63 1001.37 137.129
97189 1660.41 1005.58 138.383
97181.6 1662.22 1009.8 139.643
97174.3 1664.05 1014.02 140.907
97166.9 1665.9 1018.23 142.177
97159.4 1667.78 1022.45 143.453
97152 1669.68 1026.67 144.733
97144.5 1671.61 1030.89 146.019
97136.9 1673.56 1035.11 147.31
97129.4 1675.53 1039.34 148.607
97121.8 1677.53 1043.56 149.908
97114.2 1679.55 1047.78 151.215
97106.5 1681.59 1052.01 152.528
97098.9 1683.66 1056.24 153.845
97091.2 1685.75 1060.46 155.168
97083.4 1687.87 1064.69 156.496
97075.7 1690 1068.93 157.829
97067.9 1692.16 1073.16 159.168
97060 1694.35 1077.39 160.512
97052.2 1696.55 1081.63 161.861
97044.3 1698.78 1085.87 163.216
97036.4 1701.03 1090.11 164.576
97028.4 1703.3 1094.35 165.941
97020.5 1705.6 1098.6 167.311
97012.5 1707.92 1102.84 168.687
97004.4 1710.26 1107.09 170.068
96996.3 1712.63 1111.34 171.455
96988.2 1715.01 1115.59 172.846
96980.1 1717.42 1119.85 174.243
96972 1719.85 1124.11 175.646
96963.8 1722.31 1128.37 177.053
96955.6 1724.78 1132.63 178.466
96947.3 1727.28 1136.9 179.885
96939 1729.8 1141.17 181.308
96930.7 1732.34 1145.44 182.737
96922.4 1734.9 1149.71 184.172
96914 1737.49 1153.99 185.611
96905.6 1740.09 1158.27 187.056
96897.2 1742.72 1162.55 188.507
96888.7 1745.37 1166.84 189.962
96880.2 1748.04 1171.13 191.423
96871.7 1750.73 1175.42 192.89
96863.1 1753.45 1179.72 194.362
96854.6 1756.18 1184.02 195.839
96845.9 1758.94 1188.32 197.321
96837.3 1761.72 1192.63 198.809
96828.6 1764.52 1196.94 200.303
96819.9 1767.34 1201.26 201.801
96811.2 1770.18 1205.58 203.305
96802.4 1773.04 1209.9 204.815
96793.6 1775.93 1214.22 206.33
96784.8 1778.83 1218.55 207.85
96775.9 1781.76 1222.89 209.376
96767 1784.7 1227.23 210.907
96758.1 1787.67 1231.57 212.444
96749.2 1790.66 1235.92 213.986
96740.2 1793.67 1240.27 215.533
96731.2 1796.7 1244.62 217.086
96722.1 1799.75 1248.98 218.644
96713.1 1802.82 1253.35 220.208
96703.9 1805.91 1257.72 221.777
96694.8 1809.02 1262.09 223.352
96685.6 1812.16 1266.47 224.932
96676.4 1815.31 1270.85 226.518
96667.2 1818.48 1275.24 228.109
96658 1821.68 1279.63 229.706
96648.7 1824.89 1284.03 231.308
96639.3 1828.12 1288.43 232.915
96630 1831.38 1292.84 234.528
96620.6 1834.65 1297.25 236.147
96611.2 1837.95 1301.67 237.771
96601.8 1841.26 1306.09 239.401
96592.3 1844.6 1310.52 241.036
96582.8 1847.95 1314.95 242.677
96573.2 1851.33 1319.39 244.323
96563.7 1854.72 1323.84 245.975
96554.1 1858.14 1328.29 247.632
96544.4 1861.57 1332.74 249.295
96534.8 1865.03 1337.2 250.964
96525.1 1868.5 1341.67 252.638
96515.3 1872 1346.14 254.317
96505.6 1875.51 1350.62 256.003
96495.8 1879.04 1355.1 257.694
96486 1882.6 1359.59 259.39
96476.1 1886.17 1364.09 261.092
96466.2 1889.76 1368.59 262.8
96456.3 1893.37 1373.1 264.513
96446.4 1897 1377.61 266.232
96436.4 1900.66 1382.14 267.957
96426.4 1904.33 1386.66 269.687
96416.3 1908.02 1391.2 271.423
96406.3 1911.73 1395.74 273.165
96396.2 1915.45 1400.28 274.912
96386 1919.2 1404.83 276.665
96375.8 1922.97 1409.39 278.424
96365.6 1926.76 1413.96 280.188
96355.4 1930.56 1418.53 281.958
96345.1 1934.39 1423.11 283.734
96334.8 1938.23 1427.7 285.515
96324.5 1942.1 1432.29 287.303
96314.2 1945.98 1436.89 289.096
96303.8 1949.88 1441.5 290.894
96293.3 1953.8 1446.11 292.699
96282.9 1957.75 1450.73 294.509
96272.4 1961.71 1455.36 296.325
96261.9 1965.68 1459.99 298.147
96251.3 1969.68 1464.63 299.975
96240.7 1973.7 1469.28 301.808
96230.1 1977.73 1473.94 303.647
96219.4 1981.79 1478.61 305.493
96208.8 1985.86 1483.28 307.344
96198 1989.96 1487.96 309.2
96187.3 1994.07 1492.64 311.063
96176.5 1998.2 1497.34 312.931
96165.7 2002.35 1502.04 314.806
96154.8 2006.52 1506.75 316.686
96144 2010.7 1511.46 318.572
96133.1 2014.91 1516.19 320.464
96122.1 2019.13 1520.92 322.362
96111.1 2023.38 1525.66 324.266
96100.1 2027.64 1530.41 326.176
96089.1 2031.92 1535.17 328.091
96078 2036.22 1539.93 330.013
96066.9 2040.54 1544.71 331.941
96055.7 2044.88 1549.49 333.874
96044.6 2049.23 1554.28 335.814
96033.3 2053.61 1559.07 337.76
96022.1 2058 1563.88 339.711
96010.8 2062.41 1568.69 341.669
95999.5 2066.84 1573.52 343.632
95988.2 2071.29 1578.35 345.602
95976.8 2075.76 1583.19 347.578
95965.4 2080.25 1588.04 349.559
95953.9 2084.75 1592.89 351.547
95942.5 2089.28 1597.76 353.541
95930.9 2093.82 1602.63 355.541
95919.4 2098.38 1607.52 357.547
95907.8 2102.96 1612.41 359.559
95896.2 2107.56 1617.31 361.578
95884.6 2112.17 1622.22 363.602
95872.9 2116.81 1627.14 365.632
95861.2 2121.46 1632.07 367.669
95849.4 2126.13 1637 369.712
95837.6 2130.82 1641.95 371.761
95825.8 2135.53 1646.9 373.816
95814 2140.26 1651.87 375.878
95802.1 2145.01 1656.84 377.945
95790.1 2149.77 1661.82 380.019
95778.2 2154.55 1666.82 382.099
95766.2 2159.35 1671.82 384.186
95754.2 2164.17 1676.83 386.278
95742.1 2169.01 1681.85 388.377
95730 2173.87 1686.88 390.482
95717.9 2178.74 1691.92 392.594
95705.7 2183.64 1696.97 394.711
95693.5 2188.55 1702.03 396.836
95681.3 2193.48 1707.1 398.966
95669 2198.43 1712.18 401.103
95656.7 2203.39 1717.27 403.246
95644.4 2208.38 1722.36 405.395
95632 2213.38 1727.47 407.551
95619.6 2218.4 1732.59 409.713
95607.2 2223.45 1737.72 411.882
95594.7 2228.5 1742.86 414.057
95582.2 2233.58 1748.01 416.238
95569.6 2238.68 1753.17 418.426
95557.1 2243.79 1758.34 420.621
95544.4 2248.92 1763.52 422.821
95531.8 2254.07 1768.71 425.029
95519.1 2259.24 1773.91 427.242
95506.4 2264.43 1779.12 429.463
95493.6 2269.64 1784.34 431.69
95480.8 2274.86 1789.57 433.923
95468 2280.1 1794.81 436.163
95455.1 2285.36 1800.06 438.409
95442.2 2290.64 1805.33 440.662
95429.3 2295.94 1810.6 442.922
95416.3 2301.25 1815.89 445.188
95403.3 2306.59 1821.18 447.461
95390.2 2311.94 1826.49 449.74
95377.2 2317.31 1831.81 452.026
95364 2322.7 1837.14 454.319
95350.9 2328.11 1842.48 456.619
95337.7 2333.54 1847.83 458.925
95324.5 2338.98 1853.19 461.237
95311.2 2344.44 1858.56 463.557
95297.9 2349.92 1863.95 465.883
95284.5 2355.42 1869.34 468.216
95271.2 2360.94 1874.75 470.556
95257.8 2366.48 1880.17 472.902
95244.3 2372.03 1885.6 475.255
95230.8 2377.6 1891.04 477.615
95217.3 2383.2 1896.49 479.982
95203.7 2388.81 1901.95 482.356
95190.1 2394.43 1907.43 484.736
95176.5 2400.08 1912.92 487.124
95162.8 2405.75 1918.41 489.518
95149.1 2411.43 1923.93 491.919
95135.4 2417.13 1929.45 494.327
95121.6 2422.85 1934.98 496.742
95107.8 2428.59 1940.53 499.163
95093.9 2434.35 1946.08 501.592
95080 2440.12 1951.65 504.028
95066.1 2445.92 1957.24 506.471
95052.1 2451.73 1962.83 508.92
95038.1 2457.56 1968.43 511.377
95024 2463.41 1974.05 513.84
95009.9 2469.28 1979.68 516.311
94995.8 2475.17 1985.32 518.789
94981.7 2481.07 1990.98 521.274
94967.5 2486.99 1996.65 523.765
94953.2 2492.94 2002.32 526.264
94938.9 2498.9 2008.02 528.77
94924.6 2504.88 2013.72 531.284
94910.3 2510.87 2019.44 533.804
94895.9 2516.89 2025.16 536.331
94881.4 2522.92 2030.91 538.866
94867 2528.98 2036.66 541.408
94852.5 2535.05 2042.43 543.957
94837.9 2541.14 2048.21 546.513
94823.3 2547.25 2054 549.076
94808.7 2553.38 2059.8 551.647
94794 2559.52 2065.62 554.225
94779.3 2565.69 2071.45 556.81
94764.6 2571.87 2077.29 559.403
94749.8 2578.08 2083.15 562.003
94735 2584.3 2089.02 564.61
94720.1 2590.54 2094.9 567.224
94705.2 2596.79 2100.8 569.846
94690.3 2603.07 2106.71 572.475
94675.3 2609.37 2112.63 575.112
94660.3 2615.68 2118.56 577.756
94645.2 2622.02 2124.51 580.407
94630.1 2628.37 2130.48 583.066
94615 2634.74 2136.45 585.733
94599.8 2641.13 2142.44 588.407
94584.6 2647.54 2148.44 591.088
94569.3 2653.96 2154.46 593.777
94554 2660.41 2160.49 596.473
94538.7 2666.87 2166.53 599.177
94523.3 2673.36 2172.59 601.888
94507.9 2679.86 2178.66 604.607
94492.4 2686.38 2184.74 607.334
94476.9 2692.92 2190.84 610.068
94461.3 2699.48 2196.95 612.81
94445.8 2706.06 2203.07 615.56
94430.1 2712.66 2209.21 618.317
94414.5 2719.27 2215.37 621.082
94398.8 2725.91 2221.53 623.854
94383 2732.56 2227.72 626.635
94367.2 2739.23 2233.91 629.423
94351.4 2745.93 2240.12 632.218
94335.5 2752.64 2246.35 635.022
94319.6 2759.37 2252.58 637.833
94303.6 2766.12 2258.84 640.652
94287.6 2772.88 2265.1 643.479
94271.6 2779.67 2271.38 646.314
94255.5 2786.48 2277.68 649.157
94239.4 2793.3 2283.99 652.007
94223.2 2800.15 2290.31 654.866
94207 2807.01 2296.65 657.732
94190.8 2813.89 2303.01 660.606
94174.5 2820.8 2309.37 663.488
94158.2 2827.72 2315.76 666.379
94141.8 2834.66 2322.15 669.277
94125.4 2841.62 2328.57 672.183
94108.9 2848.6 2334.99 675.097
94092.4 2855.59 2341.44 678.019
94075.9 2862.61 2347.89 680.95
94059.3 2869.65 2354.36 683.888
94042.6 2876.7 2360.85 686.834
94026 2883.78 2367.35 689.789
94009.2 2890.87 2373.87 692.752
93992.5 2897.99 2380.4 695.723
93975.7 2905.12 2386.95 698.702
93958.8 2912.28 2393.51 701.689
93941.9 2919.45 2400.09 704.684
93925 2926.64 2406.68 707.688
93908 2933.85 2413.29 710.7
93891 2941.08 2419.92 713.72
93874 2948.33 2426.56 716.749
93856.8 2955.6 2433.21 719.785
93839.7 2962.89 2439.88 722.83
93822.5 2970.2 2446.57 725.884
93805.3 2977.53 2453.27 728.946
93788 2984.88 2459.98 732.016
93770.7 2992.24 2466.72 735.095
93753.3 2999.63 2473.47 738.182
93735.9 3007.04 2480.23 741.277
93718.4 3014.46 2487.01 744.381
93700.9 3021.91 2493.81 747.493
93683.4 3029.38 2500.62 750.614
93665.8 3036.86 2507.45 753.744
93648.1 3044.37 2514.29 756.882
93630.4 3051.89 2521.15 760.028
93612.7 3059.44 2528.03 763.183
93594.9 3067 2534.92 766.347
93577.1 3074.59 2541.83 769.519
93559.3 3082.19 2548.75 772.7
93541.3 3089.82 2555.7 775.89
93523.4 3097.46 2562.65 779.088
93505.4 3105.13 2569.63 782.295
93487.3 3112.81 2576.62 785.511
93469.3 3120.52 2583.62 788.736
93451.1 3128.24 2590.65 791.969
93432.9 3135.99 2597.69 795.211
93414.7 3143.75 2604.74 798.462
93396.4 3151.53 2611.82 801.722
93378.1 3159.34 2618.91 804.99
93359.8 3167.16 2626.01 808.268
93341.3 3175.01 2633.14 811.554
93322.9 3182.87 2640.28 814.849
93304.4 3190.76 2647.43 818.153
93285.8 3198.66 2654.61 821.467
93267.2 3206.59 2661.8 824.789
93248.6 3214.53 2669.01 828.12
93229.9 3222.5 2676.23 831.46
93211.2 3230.49 2683.48 834.809
93192.4 3238.49 2690.73 838.167
93173.5 3246.52 2698.01 841.535
93154.7 3254.57 2705.31 844.911
93135.7 3262.63 2712.62 848.296
93116.8 3270.72 2719.94 851.691
93097.7 3278.83 2727.29 855.095
93078.7 3286.96 2734.65 858.508
93059.5 3295.11 2742.03 861.93
93040.4 3303.28 2749.43 865.362
93021.2 3311.47 2756.85 868.802
93001.9 3319.68 2764.28 872.252
92982.6 3327.91 2771.73 875.712
92963.2 3336.16 2779.2 879.18
92943.8 3344.44 2786.69 882.658
92924.4 3352.73 2794.19 886.146
92904.9 3361.04 2801.71 889.642
92885.3 3369.38 2809.25 893.149
92865.7 3377.73 2816.81 896.664
92846.1 3386.11 2824.39 900.189
92826.4 3394.51 2831.98 903.724
92806.7 3402.92 2839.59 907.268
92786.9 3411.36 2847.22 910.821
92767 3419.82 2854.87 914.384
92747.1 3428.3 2862.54 917.957
92727.2 3436.8 2870.22 921.539
92707.2 3445.32 2877.93 925.131
92687.2 3453.86 2885.65 928.732
92667.1 3462.43 2893.39 932.344
92646.9 3471.01 2901.14 935.964
92626.8 3479.62 2908.92 939.595
92606.5 3488.24 2916.72 943.235
92586.2 3496.89 2924.53 946.885
92565.9 3505.56 2932.36 950.545
92545.5 3514.25 2940.21 954.215
92525.1 3522.96 2948.08 957.894
92504.6 3531.69 2955.97 961.583
92484.1 3540.45 2963.88 965.283
92463.5 3549.22 2971.8 968.992
92442.8 3558.01 2979.75 972.71
92422.1 3566.83 2987.71 976.439
92401.4 3575.67 2995.69 980.178
92380.6 3584.53 3003.7 983.927
92359.8 3593.41 3011.72 987.686
92338.9 3602.31 3019.76 991.455
92317.9 3611.23 3027.81 995.234
92296.9 3620.18 3035.89 999.023
92275.9 3629.14 3043.99 1002.82
92254.8 3638.13 3052.11 1006.63
92233.7 3647.14 3060.24 1010.45
92212.5 3656.17 3068.4 1014.28
92191.2 3665.22 3076.57 1018.12
92169.9 3674.3 3084.77 1021.97
92148.6 3683.39 3092.98 1025.83
92127.1 3692.51 3101.22 1029.7
92105.7 3701.64 3109.47 1033.58
92084.2 3710.8 3117.74 1037.47
92062.6 3719.99 3126.03 1041.37
92041 3729.19 3134.35 1045.29
92019.3 3738.41 3142.68 1049.21
91997.6 3747.66 3151.03 1053.14
91975.8 3756.93 3159.4 1057.08
91954 3766.22 3167.79 1061.04
91932.1 3775.53 3176.21 1065
91910.2 3784.86 3184.64 1068.98
91888.2 3794.22 3193.09 1072.96
91866.2 3803.6 3201.56 1076.96
91844.1 3813 3210.05 1080.96
91821.9 3822.42 3218.57 1084.98
91799.8 3831.86 3227.1 1089.01
91777.5 3841.33 3235.65 1093.05
91755.2 3850.81 3244.22 1097.1
91732.8 3860.32 3252.82 1101.16
91710.4 3869.85 3261.43 1105.23
91688 3879.41 3270.07 1109.31
91665.4 3888.98 3278.72 1113.4
91642.9 3898.58 3287.4 1117.5
91620.2 3908.2 3296.09 1121.62
91597.6 3917.84 3304.81 1125.74
91574.8 3927.51 3313.55 1129.88
91552 3937.19 3322.31 1134.02
91529.2 3946.9 3331.09 1138.18
91506.3 3956.63 3339.89 1142.35
91483.3 3966.39 3348.71 1146.53
91460.3 3976.16 3357.55 1150.72
91437.3 3985.96 3366.42 1154.92
91414.1 3995.78 3375.3 1159.13
91391 4005.62 3384.2 1163.36
91367.7 4015.49 3393.13 1167.59
91344.4 4025.38 3402.08 1171.84
91321.1 4035.29 3411.05 1176.1
91297.7 4045.22 3420.04 1180.36
91274.3 4055.17 3429.05 1184.64
91250.8 4065.15 3438.08 1188.93
91227.2 4075.15 3447.14 1193.24
91203.6 4085.18 3456.21 1197.55
91179.9 4095.22 3465.31 1201.88
91156.2 4105.29 3474.43 1206.21
91132.4 4115.38 3483.57 1210.56
91108.5 4125.5 3492.73 1214.92
91084.6 4135.63 3501.92 1219.29
91060.7 4145.79 3511.12 1223.67
91036.7 4155.97 3520.35 1228.07
91012.6 4166.18 3529.6 1232.47
90988.5 4176.41 3538.87 1236.89
90964.3 4186.66 3548.17 1241.32
90940 4196.93 3557.48 1245.76
90915.7 4207.23 3566.82 1250.21
90891.4 4217.55 3576.18 1254.67
90867 4227.89 3585.56 1259.15
90842.5 4238.26 3594.97 1263.63
90817.9 4248.65 3604.39 1268.13
90793.4 4259.06 3613.84 1272.64
90768.7 4269.49 3623.31 1277.16
90744 4279.95 3632.81 1281.7
90719.3 4290.43 3642.32 1286.24
90694.4 4300.93 3651.86 1290.8
90669.6 4311.46 3661.42 1295.37
90644.6 4322.01 3671 1299.95
90619.6 4332.59 3680.61 1304.55
90594.6 4343.18 3690.24 1309.15
90569.5 4353.8 3699.89 1313.77
90544.3 4364.45 3709.57 1318.4
90519.1 4375.11 3719.26 1323.04
90493.8 4385.8 3728.98 1327.7
90468.4 4396.52 3738.73 1332.36
90443 4407.26 3748.49 1337.04
90417.6 4418.02 3758.28 1341.73
90392 4428.8 3768.09 1346.43
90366.4 4439.61 3777.93 1351.15
90340.8 4450.44 3787.78 1355.88
90315.1 4461.29 3797.67 1360.62
90289.3 4472.17 3807.57 1365.37
90263.5 4483.07 3817.5 1370.13
90237.6 4494 3827.45 1374.91
90211.7 4504.95 3837.42 1379.7
90185.7 4515.92 3847.42 1384.5
90159.6 4526.92 3857.44 1389.32
90133.5 4537.94 3867.49 1394.14
90107.3 4548.98 3877.56 1398.98
90081.1 4560.05 3887.65 1403.84
90054.8 4571.14 3897.77 1408.7
90028.4 4582.25 3907.91 1413.58
90002 4593.39 3918.07 1418.47
89975.5 4604.55 3928.26 1423.37
89948.9 4615.74 3938.47 1428.29
89922.3 4626.95 3948.7 1433.21
89895.7 4638.18 3958.96 1438.16
89868.9 4649.44 3969.25 1443.11
89842.1 4660.72 3979.55 1448.08
89815.3 4672.03 3989.89 1453.06
89788.4 4683.36 4000.24 1458.05
89761.4 4694.71 4010.62 1463.05
89734.3 4706.09 4021.02 1468.07
89707.2 4717.49 4031.45 1473.1
89680.1 4728.92 4041.91 1478.15
89652.8 4740.37 4052.38 1483.21
89625.5 4751.85 4062.88 1488.28
89598.2 4763.34 4073.41 1493.36
89570.8 4774.87 4083.96 1498.46
89543.3 4786.41 4094.54 1503.57
89515.8 4797.99 4105.14 1508.69
89488.2 4809.58 4115.76 1513.83
89460.5 4821.2 4126.41 1518.98
89432.8 4832.85 4137.09 1524.14
89405 4844.51 4147.78 1529.32
89377.1 4856.21 4158.51 1534.51
89349.2 4867.92 4169.26 1539.71
89321.2 4879.67 4180.03 1544.93
89293.2 4891.43 4190.83 1550.16
89265 4903.22 4201.65 1555.41
89236.9 4915.04 4212.5 1560.66
89208.6 4926.88 4223.38 1565.93
89180.3 4938.74 4234.28 1571.22
89152 4950.63 4245.2 1576.52
89123.5 4962.54 4256.15 1581.83
89095 4974.48 4267.13 1587.16
89066.5 4986.44 4278.13 1592.5
89037.9 4998.43 4289.15 1597.85
89009.2 5010.44 4300.21 1603.22
88980.4 5022.47 4311.28 1608.6
88951.6 5034.53 4322.39 1613.99
88922.7 5046.62 4333.52 1619.4
88893.8 5058.73 4344.67 1624.82
88864.8 5070.86 4355.85 1630.26
88835.7 5083.02 4367.06 1635.71
88806.5 5095.21 4378.29 1641.17
88777.3 5107.42 4389.55 1646.65
88748.1 5119.65 4400.83 1652.15
88718.7 5131.91 4412.14 1657.65
88689.3 5144.19 4423.48 1663.17
88659.8 5156.5 4434.84 1668.71
88630.3 5168.83 4446.23 1674.26
88600.7 5181.19 4457.64 1679.82
88571 5193.57 4469.08 1685.4
88541.3 5205.98 4480.55 1690.99
88511.5 5218.41 4492.04 1696.6
88481.6 5230.87 4503.56 1702.22
88451.7 5243.35 4515.11 1707.85
88421.7 5255.86 4526.68 1713.5
88391.6 5268.39 4538.28 1719.17
88361.5 5280.95 4549.91 1724.85
88331.3 5293.54 4561.56 1730.54
88301 5306.14 4573.24 1736.25
88270.7 5318.78 4584.94 1741.97
88240.3 5331.43 4596.68 1747.71
88209.8 5344.12 4608.44 1753.46
88179.3 5356.83 4620.22 1759.23
88148.7 5369.56 4632.04 1765.01
88118 5382.32 4643.88 1770.8
88087.2 5395.1 4655.74 1776.61
88056.4 5407.91 4667.64 1782.44
88025.6 5420.75 4679.56 1788.28
87994.6 5433.61 4691.51 1794.14
87963.6 5446.49 4703.48 1800.01
87932.5 5459.4 4715.49 1805.89
87901.4 5472.34 4727.52 1811.79
87870.2 5485.3 4739.58 1817.71
87838.9 5498.28 4751.66 1823.64
87807.5 5511.3 4763.77 1829.58
87776.1 5524.33 4775.92 1835.54
87744.6 5537.4 4788.08 1841.52
87713 5550.48 4800.28 1847.51
87681.4 5563.6 4812.5 1853.52
87649.7 5576.74 4824.75 1859.54
87617.9 5589.9 4837.03 1865.58
87586.1 5603.09 4849.34 1871.63
87554.2 5616.3 4861.67 1877.7
87522.2 5629.54 4874.03 1883.78
87490.2 5642.81 4886.43 1889.88
87458 5656.1 4898.84 1895.99
87425.8 5669.42 4911.29 1902.12
87393.6 5682.76 4923.76 1908.27
87361.3 5696.13 4936.27 1914.43
87328.9 5709.52 4948.8 1920.61
87296.4 5722.94 4961.36 1926.8
87263.9 5736.39 4973.94 1933.01
87231.3 5749.86 4986.56 1939.23
87198.6 5763.35 4999.2 1945.47
87165.8 5776.88 5011.88 1951.73
87133 5790.42 5024.58 1958
87100.1 5804 5037.31 1964.28
87067.1 5817.6 5050.06 1970.59
87034.1 5831.22 5062.85 1976.91
87001 5844.87 5075.67 1983.24
86967.8 5858.55 5088.51 1989.59
86934.6 5872.25 5101.38 1995.96
86901.3 5885.98 5114.28 2002.34
86867.9 5899.73 5127.22 2008.74
86834.4 5913.51 5140.17 2015.16
86800.9 5927.31 5153.16 2021.59
86767.3 5941.14 5166.18 2028.04
86733.6 5955 5179.23 2034.5
86699.8 5968.88 5192.3 2040.98
86666 5982.79 5205.41 2047.48
86632.1 5996.72 5218.54 2053.99
86598.2 6010.68 5231.7 2060.52
86564.1 6024.67 5244.9 2067.07
86530 6038.68 5258.12 2073.63
86495.8 6052.72 5271.37 2080.21
86461.6 6066.78 5284.65 2086.81
86427.2 6080.87 5297.96 2093.42
86392.8 6094.98 5311.3 2100.05
86358.4 6109.12 5324.67 2106.69
86323.8 6123.29 5338.07 2113.36
86289.2 6137.48 5351.5 2120.03
86254.5 6151.7 5364.96 2126.73
86219.7 6165.94 5378.45 2133.44
86184.9 6180.21 5391.96 2140.17
86150 6194.51 5405.51 2146.92
86115 6208.83 5419.09 2153.68
86079.9 6223.18 5432.7 2160.46
86044.8 6237.55 5446.33 2167.26
86009.6 6251.95 5460 2174.08
85974.3 6266.38 5473.7 2180.91
85938.9 6280.83 5487.43 2187.76
85903.5 6295.31 5501.19 2194.62
85868 6309.81 5514.97 2201.51
85832.4 6324.34 5528.79 2208.41
85796.8 6338.9 5542.64 2215.33
85761 6353.48 5556.52 2222.26
85725.2 6368.09 5570.43 2229.21
85689.4 6382.72 5584.37 2236.18
85653.4 6397.38 5598.34 2243.17
85617.4 6412.07 5612.35 2250.18
85581.3 6426.78 5626.38 2257.2
85545.1 6441.52 5640.44 2264.24
85508.8 6456.28 5654.53 2271.3
85472.5 6471.07 5668.66 2278.37
85436.1 6485.89 5682.81 2285.46
85399.6 6500.73 5697 2292.57
85363.1 6515.6 5711.22 2299.7
85326.4 6530.49 5725.46 2306.85
85289.7 6545.41 5739.74 2314.01
85253 6560.36 5754.05 2321.19
85216.1 6575.33 5768.39 2328.39
85179.2 6590.33 5782.77 2335.61
85142.2 6605.35 5797.17 2342.85
85105.1 6620.4 5811.6 2350.1
85067.9 6635.48 5826.07 2357.37
85030.7 6650.58 5840.57 2364.66
84993.3 6665.71 5855.1 2371.97
84956 6680.87 5869.66 2379.3
84918.5 6696.05 5884.25 2386.64
84880.9 6711.25 5898.87 2394
84843.3 6726.49 5913.52 2401.38
84805.6 6741.74 5928.21 2408.78
84767.8 6757.03 5942.93 2416.2
84730 6772.34 5957.68 2423.64
84692.1 6787.68 5972.46 2431.09
84654.1 6803.04 5987.27 2438.56
84616 6818.43 6002.12 2446.05
84577.8 6833.84 6016.99 2453.56
84539.6 6849.28 6031.9 2461.09
84501.2 6864.75 6046.84 2468.64
84462.9 6880.24 6061.81 2476.21
84424.4 6895.76 6076.82 2483.79
84385.8 6911.31 6091.85 2491.39
84347.2 6926.88 6106.92 2499.02
84308.5 6942.48 6122.02 2506.66
84269.7 6958.1 6137.16 2514.32
84230.9 6973.75 6152.32 2522
84191.9 6989.42 6167.52 2529.69
84152.9 7005.12 6182.75 2537.41
84113.8 7020.85 6198.01 2545.15
84074.6 7036.6 6213.31 2552.9
84035.4 7052.38 6228.63 2560.68
83996 7068.19 6243.99 2568.47
83956.6 7084.02 6259.38 2576.28
83917.1 7099.87 6274.81 2584.11
83877.6 7115.75 6290.27 2591.97
83837.9 7131.66 6305.76 2599.84
83798.2 7147.6 6321.28 2607.73
83758.4 7163.56 6336.84 2615.63
83718.5 7179.54 6352.42 2623.56
83678.5 7195.56 6368.05 2631.51
83638.5 7211.59 6383.7 2639.48
83598.4 7227.66 6399.39 2647.47
83558.2 7243.75 6415.11 2655.47
83517.9 7259.86 6430.86 2663.5
83477.5 7276 6446.65 2671.55
83437.1 7292.17 6462.47 2679.61
83396.6 7308.36 6478.32 2687.7
83356 7324.58 6494.21 2695.8
83315.3 7340.82 6510.13 2703.93
83274.5 7357.09 6526.08 2712.08
83233.7 7373.39 6542.06 2720.24
83192.8 7389.71 6558.08 2728.43
83151.8 7406.06 6574.14 2736.63
83110.7 7422.43 6590.22 2744.86
83069.5 7438.83 6606.34 2753.1
83028.3 7455.25 6622.5 2761.37
82987 7471.7 6638.68 2769.65
82945.6 7488.18 6654.9 2777.96
82904.1 7504.68 6671.16 2786.29
82862.5 7521.21 6687.45 2794.63
82820.9 7537.76 6703.77 2803
82779.2 7554.34 6720.12 2811.39
82737.4 7570.94 6736.51 2819.8
82695.5 7587.57 6752.94 2828.23
82653.5 7604.22 6769.39 2836.68
82611.5 7620.9 6785.88 2845.14
82569.3 7637.61 6802.41 2853.64
82527.1 7654.34 6818.97 2862.15
82484.8 7671.1 6835.56 2870.68
82442.5 7687.88 6852.19 2879.23
82400 7704.69 6868.85 2887.8
82357.5 7721.52 6885.55 2896.4
82314.9 7738.38 6902.28 2905.01
82272.2 7755.26 6919.04 2913.65
82229.4 7772.17 6935.84 2922.31
82186.5 7789.1 6952.67 2930.98
82143.6 7806.06 6969.54 2939.68
82100.6 7823.05 6986.44 2948.4
82057.4 7840.06 7003.38 2957.14
82014.3 7857.09 7020.35 2965.91
81971 7874.15 7037.35 2974.69
81927.6 7891.24 7054.39 2983.5
81884.2 7908.35 7071.47 2992.32
81840.7 7925.48 7088.58 3001.17
81797.1 7942.64 7105.72 3010.04
81753.4 7959.83 7122.9 3018.93
81709.6 7977.04 7140.11 3027.84
81665.8 7994.28 7157.36 3036.77
81621.9 8011.54 7174.64 3045.73
81577.8 8028.82 7191.96 3054.71
81533.8 8046.13 7209.32 3063.7
81489.6 8063.47 7226.7 3072.72
81445.3 8080.83 7244.13 3081.77
81401 8098.22 7261.58 3090.83
81356.6 8115.63 7279.08 3099.92
81312 8133.06 7296.61 3109.02
81267.5 8150.52 7314.17 3118.15
81222.8 8168.01 7331.77 3127.3
81178 8185.52 7349.4 3136.48
81133.2 8203.05 7367.07 3145.67
81088.3 8220.61 7384.77 3154.89
81043.3 8238.19 7402.51 3164.13
80998.2 8255.8 7420.29 3173.39
80953 8273.43 7438.1 3182.67
80907.7 8291.09 7455.95 3191.98
80862.4 8308.77 7473.83 3201.31
80817 8326.48 7491.74 3210.66
80771.5 8344.21 7509.7 3220.03
80725.9 8361.96 7527.69 3229.43
80680.2 8379.74 7545.71 3238.85
80634.4 8397.54 7563.77 3248.29
80588.6 8415.37 7581.86 3257.75
80542.7 8433.22 7599.99 3267.24
80496.7 8451.1 7618.16 3276.75
80450.6 8469 7636.36 3286.28
80404.4 8486.92 7654.6 3295.83
80358.1 8504.87 7672.88 3305.41
80311.8 8522.84 7691.19 3315.01
80265.4 8540.84 7709.53 3324.63
80218.9 8558.86 7727.91 3334.28
80172.3 8576.91 7746.33 3343.95
80125.6 8594.97 7764.78 3353.64
80078.8 8613.07 7783.27 3363.35
80032 8631.18 7801.8 3373.09
79985.1 8649.32 7820.36 3382.85
79938 8667.49 7838.96 3392.64
79890.9 8685.67 7857.59 3402.44
79843.8 8703.88 7876.27 3412.27
79796.5 8722.12 7894.97 3422.13
79749.1 8740.38 7913.72 3432.01
79701.7 8758.66 7932.49 3441.91
79654.2 8776.96 7951.31 3451.83
79606.6 8795.29 7970.16 3461.78
79558.9 8813.64 7989.05 3471.75
79511.1 8832.02 8007.98 3481.75
79463.2 8850.42 8026.94 3491.77
79415.3 8868.84 8045.94 3501.81
79367.3 8887.29 8064.97 3511.88
79319.1 8905.75 8084.04 3521.97
79270.9 8924.24 8103.15 3532.08
79222.7 8942.76 8122.29 3542.22
79174.3 8961.3 8141.47 3552.38
79125.8 8979.86 8160.69 3562.57
79077.3 8998.44 8179.95 3572.78
79028.7 9017.05 8199.24 3583.01
78980 9035.68 8218.56 3593.27
78931.2 9054.33 8237.93 3603.55
78882.3 9073 8257.33 3613.86
78833.3 9091.7 8276.77 3624.19
78784.3 9110.42 8296.24 3634.54
78735.2 9129.16 8315.75 3644.92
78685.9 9147.93 8335.3 3655.33
78636.6 9166.72 8354.89 3665.76
78587.3 9185.53 8374.51 3676.21
78537.8 9204.36 8394.17 3686.69
78488.2 9223.21 8413.87 3697.19
78438.6 9242.09 8433.6 3707.72
78388.9 9260.99 8453.37 3718.27
78339 9279.91 8473.18 3728.84
78289.1 9298.85 8493.02 3739.44
78239.2 9317.82 8512.91 3750.07
78189.1 9336.81 8532.83 3760.72
78138.9 9355.82 8552.78 3771.4
78088.7 9374.85 8572.78 3782.1
78038.4 9393.9 8592.81 3792.82
77988 9412.98 8612.88 3803.57
77937.5 9432.07 8632.98 3814.35
77886.9 9451.19 8653.12 3825.15
77836.2 9470.33 8673.3 3835.97
77785.5 9489.49 8693.52 3846.83
77734.6 9508.67 8713.78 3857.7
77683.7 9527.88 8734.07 3868.6
77632.7 9547.1 8754.4 3879.53
77581.6 9566.35 8774.77 3890.48
77530.4 9585.62 8795.17 3901.46
77479.2 9604.91 8815.61 3912.47
77427.8 9624.22 8836.09 3923.49
77376.4 9643.55 8856.61 3934.55
77324.9 9662.9 8877.16 3945.63
77273.3 9682.27 8897.76 3956.74
77221.6 9701.66 8918.39 3967.87
77169.8 9721.08 8939.05 3979.03
77117.9 9740.51 8959.76 3990.21
77066 9759.97 8980.5 4001.42
77014 9779.44 9001.28 4012.65
76961.9 9798.94 9022.1 4023.92
